100
69 302
341 684
406 593
21 221
439 998
4 9
8 121
8 302
21 122
485 511
486 901
303 742
353 876
121 485
203 458
8 122
21 121
608 713
12 814
119 454
1 65
1 104
65 742
15 708
3 9
624 905
1 1000
148 906
384 584
1 4
9 302
131 433
3 484
8 65
121 484
483 485
21 484
3 10
1 485
98 699
1 221
122 1000
146 637
277 818
120 484
65 121
122 483
7 109
225 797
53 914
69 379
7 121
8 221
483 484
484 584
10 120
100 556
232 351
4 10
100 1000
384 742
1 302
1 109
3 109
1 5
380 542
374 744
65 302
444 534
172 199
7 9
503 654
8 9
121 302
7 302
3 5
1 1
303 584
120 121
864 931
12 236
760 807
620 841
1 6
3 6
483 742
65 221
78 917
9 65
1 9
4 65
3 122
21 485
1 484
9 484
1 122
62 614
8 109
191 643
9 121
