25
3 200
7 29 6
3 3 7 20 7
11 2 10 2
14 2 8 3
23 1 22
3 3 4 12 18
2 2 21 27
14 0
14 1 6
26 3 17 9 14
28 2 6 17
9 2 17 17
26 0
9 5 14 16 9 22 5
18 3 17 17 16
8 4 14 10 15 15
27 3 5 21 4
4 2 2 23
18 1 17
27 1 8
25 0
18 2 29 24
7 1 10
12 3 17 22 24
5 1 27
22 2 15 16
26 3 14 18 1
7 5 7 17 6 18 8
27 2 3 19
11 2 7 13
21 3 1 9 22
3 2 12 21
5 1 4
23 1 30
9 3 25 12 1
27 3 24 12 6
25 0
2 3 7 26 13
11 1 17
8 6 16 3 28 19 11 18
27 1 6
30 1 10
16 3 5 26 28
15 1 20
30 1 10
3 2 17 24
14 3 30 30 13
27 5 9 23 19 16 14
28 4 14 26 5 11
1 0
23 3 29 7 16
23 2 21 11
11 2 12 25
21 4 3 7 29 1
26 0
7 2 24 3
12 0
21 3 22 30 2
13 1 25
8 3 4 28 3
23 6 11 22 18 1 28 15
3 0
3 2 24 27
27 3 26 27 27
25 3 13 15 12
3 1 16
16 4 27 1 9 5
11 3 27 15 12
4 2 17 4
26 1 10
18 1 2
22 2 5 16
25 3 6 30 11
26 3 4 18 27
6 2 29 14
25 2 12 27
20 2 18 16
20 0
13 2 11 13
18 2 22 14
12 3 4 26 2
5 2 25 20
2 1 4
14 1 17
17 1 28
27 3 11 8 4
20 0
21 0
9 2 15 4
3 2 4 3
28 0
24 2 17 17
27 1 11
22 2 5 5
12 0
14 2 3 7
24 3 29 7 3
27 3 22 12 28
24 2 20 4
27 3 10 17 12
14 3 20 1 26
4 2 20 8
19 7 13 29 8 18 24 1 14
1 1 17
29 3 17 28 19
16 1 22
25 4 5 17 18 24
10 2 8 4
27 4 30 8 19 12
29 1 3
19 4 18 23 13 23
9 1 14
25 1 17
20 2 20 27
14 2 9 26
11 4 1 17 4 9
8 1 15
4 2 21 6
1 4 26 7 8 12
17 4 25 21 1 14
28 1 18
21 3 2 15 17
2 2 28 17
24 1 17
12 0
13 4 24 28 17 24
7 3 9 7 1
28 3 10 22 22
2 1 25
1 1 28
16 1 16
15 0
4 1 6
26 1 20
15 2 30 20
24 0
12 2 17 4
1 3 25 2 10
3 0
8 1 12
29 2 26 10
22 1 10
8 3 8 30 14
23 0
3 1 5
14 2 19 16
4 2 30 8
11 2 8 6
17 0
26 5 26 27 17 25 7
19 4 27 16 15 25
14 3 21 1 28
16 5 24 30 28 22 18
12 4 14 23 21 15
29 5 6 12 12 11 5
20 0
24 2 19 3
6 3 8 16 14
17 2 9 14
25 2 7 21
28 1 20
2 1 30
10 2 19 23
1 0
28 0
16 1 4
16 4 30 21 10 5
1 4 17 4 20 7
17 1 2
18 3 25 21 16
30 0
15 0
1 0
30 2 16 3
8 2 22 9
4 3 22 9 10
13 0
3 1 18
6 3 8 23 7
29 0
20 3 4 29 28
16 0
4 1 6
6 4 11 18 10 30
27 1 11
2 1 8
25 1 3
20 1 11
29 4 15 25 16 25
3 0
7 4 17 26 18 7
26 2 9 30
4 1 1
8 2 18 11
18 0
23 2 16 8
23 1 24
3 1 24
15 1 14
9 3 30 2 17
13 3 20 7 28
1 30
4
5 4 3 4 3 6
1 3 3 6 2
6 1 2
5 4 4 5 2 2
1 2 2 6
5 1 2
1 3 2 1 5
3 4 5 2 2 3
4 3 3 3 1
3 5 6 3 2 2 5
4 2 3 3
2 1 3
6 0
6 0
5 1 6
1 1 3
2 4 2 4 6 3
3 0
3 1 1
5 2 6 6
2 1 4
6 4 2 6 3 1
2 2 1 4
5 2 2 6
2 1 1
3 1 2
4 1 4
4 3 5 4 2
2 5 3 5 4 6 6
6 1 3
1 200
130
59 1 41
101 1 59
48 1 101
178 1 48
180 1 178
40 1 180
61 1 40
173 1 61
36 1 173
198 1 36
166 1 198
117 1 166
155 1 117
60 1 155
63 1 60
91 1 63
39 1 91
102 1 39
143 1 102
128 1 143
98 1 128
119 1 98
116 1 119
164 1 116
184 1 164
73 1 184
43 1 73
151 1 43
10 1 151
97 1 10
127 1 97
165 1 127
84 1 165
88 1 84
12 1 88
122 1 12
58 1 122
32 2 154 58
82 1 32
70 1 82
5 1 70
104 1 5
96 1 104
114 1 96
47 1 114
113 1 47
30 1 113
41 1 30
140 1 41
108 1 140
132 1 108
2 1 132
33 1 2
188 1 33
52 1 188
177 1 52
107 1 177
78 1 107
4 1 78
154 1 4
158 1 154
99 1 158
94 1 99
186 1 94
192 1 186
138 1 192
153 1 138
111 1 153
162 1 111
55 1 162
136 1 55
95 1 136
62 1 95
51 2 56 62
25 1 51
77 1 25
176 1 77
66 1 176
72 1 66
175 1 72
92 1 175
27 1 92
11 1 27
152 1 11
74 1 152
134 1 74
14 1 134
142 1 14
146 1 142
187 1 146
189 1 187
23 1 189
13 1 23
56 1 13
137 1 56
8 1 137
160 1 8
76 1 160
71 1 76
115 1 71
103 1 115
21 1 103
183 1 21
22 1 183
105 1 22
185 1 105
120 1 185
135 1 120
139 1 135
49 2 110 139
64 1 49
112 1 64
157 1 112
69 1 157
16 1 69
182 1 16
148 1 182
87 1 148
90 1 87
159 1 90
38 1 159
191 1 38
200 1 191
86 1 200
124 1 86
129 1 124
156 1 129
15 1 156
118 1 15
24 1 118
123 1 24
1 1 123
89 1 1
161 1 89
85 1 161
45 1 85
54 1 45
110 1 54
50 1 110
37 1 50
196 1 37
199 1 196
35 1 199
6 1 35
9 1 6
68 1 9
147 1 68
133 1 147
181 1 133
194 1 181
53 1 194
79 1 53
57 1 79
81 1 57
83 1 81
126 1 83
28 1 126
121 1 28
179 1 121
141 1 179
75 1 141
46 1 75
44 1 46
109 1 44
169 1 109
80 1 169
106 1 80
3 1 106
193 1 3
195 1 193
125 2 1 195
168 1 125
144 1 168
145 1 144
7 1 145
197 1 7
150 1 197
65 1 150
34 1 65
131 1 34
174 1 131
29 1 174
19 1 29
100 1 19
42 1 100
171 1 42
31 1 171
18 1 31
163 1 18
26 1 163
20 1 26
190 1 20
167 1 190
170 1 167
17 1 170
93 1 17
67 1 93
149 1 67
172 1 149
130 1 172
1 84
1
1 0
1 0
1 1 1
1 1 1
1 1 1
1 2 1 1
1 5 1 1 1 1 1
1 1 1
1 0
1 0
1 1 1
1 4 1 1 1 1
1 0
1 1 1
1 0
1 0
1 0
1 0
1 4 1 1 1 1
1 0
1 1 1
1 0
1 0
1 1 1
1 0
1 0
1 0
1 0
1 0
1 1 1
1 4 1 1 1 1
1 4 1 1 1 1
1 0
1 0
1 0
1 0
1 0
1 0
1 1 1
1 0
1 0
1 4 1 1 1 1
1 1 1
1 0
1 0
1 0
1 4 1 1 1 1
1 1 1
1 1 1
1 0
1 4 1 1 1 1
1 1 1
1 0
1 4 1 1 1 1
1 0
1 0
1 0
1 0
1 4 1 1 1 1
1 0
1 1 1
1 0
1 0
1 4 1 1 1 1
1 4 1 1 1 1
1 0
1 0
1 0
1 1 1
1 4 1 1 1 1
1 0
1 0
1 3 1 1 1
1 1 1
1 0
1 4 1 1 1 1
1 0
1 0
1 0
1 5 1 1 1 1 1
1 0
1 0
1 0
1 0
2 200
9 15
5 2 7 5
6 3 4 6 5
4 1 10
5 2 10 14
1 2 9 11
15 0
8 1 8
1 3 13 1 4
7 3 8 11 7
2 2 15 10
13 0
14 1 9
9 3 7 13 13
9 2 2 10
3 1 7
11 0
12 1 1
1 0
7 0
10 2 2 13
8 2 2 13
11 2 12 9
12 4 6 6 2 9
14 3 14 8 6
11 2 10 3
6 1 14
6 2 10 14
11 2 1 2
4 0
3 1 14
5 3 11 11 8
8 1 15
1 4 15 12 7 1
8 2 11 4
13 3 2 15 14
8 1 10
15 1 8
5 1 7
8 1 15
6 0
14 3 5 6 10
6 4 9 3 14 7
11 1 13
7 1 4
6 4 11 12 5 7
5 2 3 11
2 4 5 6 12 5
9 3 7 11 7
12 3 1 5 12
15 2 5 8
3 1 7
11 2 13 6
2 0
15 1 13
10 1 4
4 1 11
12 1 15
15 2 10 4
15 1 2
15 1 12
10 2 5 10
11 2 5 5
8 2 6 14
10 2 3 13
10 4 2 8 9 9
12 0
9 2 10 1
9 2 7 10
8 1 8
2 3 1 5 7
6 0
13 2 1 3
14 3 13 4 4
8 2 2 12
4 1 15
4 3 13 1 15
13 2 13 9
12 1 6
4 1 12
9 1 13
4 1 13
7 2 13 8
12 6 2 12 5 8 12 13
5 2 8 1
13 2 6 11
6 2 1 9
9 1 6
9 2 13 14
5 1 1
15 3 11 15 10
15 1 9
6 2 7 14
10 1 10
14 1 7
15 2 5 10
11 2 10 6
10 1 2
1 1 9
5 2 1 4
10 2 12 14
2 3 5 12 11
2 3 15 12 5
7 4 6 15 8 4
15 1 3
10 2 4 9
3 2 10 10
10 1 14
7 5 8 12 14 1 1
14 2 10 11
13 5 5 9 4 15 4
7 0
9 3 2 13 2
4 1 13
3 1 15
14 1 15
8 3 12 5 3
8 2 10 11
14 2 2 13
8 4 7 10 13 10
5 2 9 4
5 4 15 2 11 8
8 1 10
10 0
6 3 12 6 12
13 4 6 8 12 2
2 0
1 0
8 0
2 1 2
12 4 5 8 12 14
2 2 1 15
10 2 5 5
14 3 4 10 4
8 1 11
9 2 9 10
8 0
10 3 3 10 13
10 3 14 2 12
6 1 4
1 2 1 13
7 1 15
4 0
9 2 14 7
3 1 5
14 3 5 15 7
14 0
2 3 14 14 6
13 1 13
4 0
10 2 6 8
9 1 4
8 4 11 13 8 13
9 1 5
4 1 14
13 0
6 0
12 4 11 3 1 15
14 3 7 12 12
5 5 5 7 5 4 11
5 4 14 10 5 7
10 2 10 5
13 3 13 3 7
14 2 10 9
15 1 6
13 2 11 15
14 0
14 2 14 1
14 2 3 6
8 0
4 1 12
14 1 10
6 0
15 2 15 7
15 2 10 10
8 4 8 6 2 10
13 2 7 10
5 4 1 7 9 12
10 4 15 12 10 4
2 1 3
9 1 13
11 2 1 15
11 0
1 1 5
11 1 3
6 3 6 9 6
14 1 2
1 4 13 5 9 12
9 1 15
4 0
13 0
13 0
5 1 6
10 2 15 11
3 3 1 11 6
5 1 5
7 3 11 12 13
1 3 3 1 4
3 1 14
6 3 15 7 12
15 2 3 2
1 200
85
7 1 22
42 1 34
29 1 5
14 1 14
69 1 101
106 1 14
125 1 3
48 1 48
46 1 36
58 1 58
59 1 28
17 1 17
1 1 7
66 1 1
58 1 59
48 1 129
42 1 42
47 1 47
98 1 98
73 1 73
134 1 134
116 1 12
128 1 108
116 1 80
68 1 37
106 1 107
132 1 132
114 1 114
80 1 116
13 1 13
40 1 69
113 1 95
61 1 25
103 1 1
78 1 28
110 1 110
122 1 122
75 1 122
65 1 87
118 1 34
88 1 97
75 1 81
10 1 10
3 1 3
27 1 27
36 1 36
113 1 74
120 1 53
82 1 113
115 1 115
108 1 117
91 1 25
39 1 134
61 1 47
20 1 63
94 1 94
12 1 4
51 1 82
130 1 75
129 1 53
34 1 42
56 1 56
79 1 73
67 1 118
29 1 29
86 1 86
114 1 123
64 1 104
47 1 61
63 1 20
70 1 19
117 1 108
103 1 103
121 1 85
118 1 67
123 1 114
23 1 129
101 1 69
22 1 22
39 1 65
57 1 19
4 1 4
3 1 125
117 1 117
109 1 106
129 1 48
97 1 66
6 1 76
120 1 120
81 1 27
7 1 130
93 1 93
41 1 39
46 1 79
76 1 6
6 1 116
38 1 57
130 1 13
105 1 105
89 1 125
109 1 93
68 1 92
26 1 43
79 1 59
82 1 51
92 1 92
97 1 88
20 1 20
5 1 41
4 1 12
51 1 51
63 1 83
43 1 26
90 1 66
85 1 6
14 1 106
69 1 23
78 1 78
19 1 70
35 1 35
25 1 91
65 1 97
36 1 46
22 1 7
5 1 29
27 1 81
87 1 87
23 1 105
25 1 63
88 1 88
71 1 94
83 1 10
132 1 64
107 1 17
104 1 86
56 1 40
92 1 68
66 1 90
26 1 26
80 1 80
89 1 98
41 1 2
71 1 123
107 1 89
105 1 23
37 1 40
73 1 79
55 1 118
55 1 35
35 1 55
1 1 103
34 1 71
37 1 110
59 1 58
38 1 38
28 1 78
24 1 45
95 1 95
67 1 67
93 1 109
101 1 101
76 1 76
45 1 45
13 1 130
98 1 89
40 1 56
57 1 38
70 1 70
104 1 57
123 1 128
134 1 39
81 1 43
17 1 107
83 1 82
91 1 91
128 1 115
108 1 61
2 1 41
122 1 75
45 1 24
10 1 83
28 1 55
90 1 90
87 1 65
85 1 121
86 1 104
125 1 46
95 1 113
24 1 109
2 1 2
43 1 24
12 1 64
121 1 121
53 1 120
64 1 132
94 1 71
110 1 37
53 1 5
115 1 128
19 1 68
400 200
5 5 5 5 5 5 5 5 5 5 5 5 5 5 5 5 5 5 5 5 5 5 5 5 5 5 5 5 5 5 5 5 5 5 5 5 5 5 5 5 5 5 5 5 5 5 5 5 5 5 5 5 5 5 5 5 5 5 5 5 5 5 5 5 5 5 5 5 5 5 5 5 5 5 5 5 5 5 5 5 5 5 5 5 5 5 5 5 5 5 5 5 5 5 5 5 5 5 5 5 5 5 5 5 5 5 5 5 5 5 5 5 5 5 5 5 5 5 5 5 5 5 5 5 5 5 5 5 5 5 5 5 5 5 5 5 5 5 5 5 5 5 5 5 5 5 5 5 5 5 5 5 5 5 5 5 5 5 5 5 5 5 5 5 5 5 5 5 5 5 5 5 5 5 5 5 5 5 5 5 5 5 5 5 5 5 5 5 5 5 5 5 5 5 5 5 5 5 5 5 5 5 5 5 5 5 5 5 5 5 5 5 5 5 5 5 5 5 5 5 5 5 5 5 5 5 5 5 5 5 5 5 5 5 5 5 5 5 5 5 5 5 5 5 5 5 5 5 5 5 5 5 5 5 5 5 5 5 5 5 5 5 5 5 5 5 5 5 5 5 5 5 5 5 5 5 5 5 5 5 5 5 5 5 5 5 5 5 5 5 5 5 5 5 5 5 5 5 5 5 5 5 5 5 5 5 5 5 5 5 5 5 5 5 5 5 5 5 5 5 5 5 5 5 5 5 5 5 5 5 5 5 5 5 5 5 5 5 5 5 5 5 5 5 5 5 5 5 5 5 5 5 5 5 5 5 5 5 5 5 5 5 5 5 5 5 5 5 5 5 5 5 5 5 5 5 5 5 5 5 5 5 5 5 5 5 5 5 5 5 5 5 5 5 5 5 5 5 5 5
5 0
5 0
5 0
5 0
5 0
5 0
5 0
5 0
5 0
5 0
5 0
5 0
5 0
5 0
5 0
5 0
5 0
5 0
5 0
5 0
5 0
5 0
5 0
5 0
5 0
5 0
5 0
5 0
5 0
5 0
5 0
5 0
5 0
5 0
5 0
5 0
5 0
5 0
5 0
5 0
5 0
5 0
5 0
5 0
5 0
5 0
5 0
5 0
5 0
5 0
5 0
5 0
5 0
5 0
5 0
5 0
5 0
5 0
5 0
5 0
5 0
5 0
5 0
5 0
5 0
5 0
5 0
5 0
5 0
5 0
5 0
5 0
5 0
5 0
5 0
5 0
5 0
5 0
5 0
5 0
5 0
5 0
5 0
5 0
5 0
5 0
5 0
5 0
5 0
5 0
5 0
5 0
5 0
5 0
5 0
5 0
5 0
5 0
5 0
5 0
5 0
5 0
5 0
5 0
5 0
5 0
5 0
5 0
5 0
5 0
5 0
5 0
5 0
5 0
5 0
5 0
5 0
5 0
5 0
5 0
5 0
5 0
5 0
5 0
5 0
5 0
5 0
5 0
5 0
5 0
5 0
5 0
5 0
5 0
5 0
5 0
5 0
5 0
5 0
5 0
5 0
5 0
5 0
5 0
5 0
5 0
5 0
5 0
5 0
5 0
5 0
5 0
5 0
5 0
5 0
5 0
5 0
5 0
5 0
5 0
5 0
5 0
5 0
5 0
5 0
5 0
5 0
5 0
5 0
5 0
5 0
5 0
5 0
5 0
5 0
5 0
5 0
5 0
5 0
5 0
5 0
5 0
5 0
5 0
5 0
5 0
5 0
5 0
5 0
5 0
5 0
5 0
5 0
5 0
5 0
5 0
5 0
5 0
5 0
5 0
8 50
1 1 4 5 11 1 3 4
5 2 1 14
2 4 8 10 4 3
7 0
15 2 8 3
7 3 11 11 5
1 2 5 8
14 2 5 9
13 1 1
15 3 12 9 11
8 0
4 5 14 7 15 15 3
9 2 15 14
3 2 4 5
9 3 13 4 3
3 5 8 8 11 13 6
8 0
3 0
12 1 4
3 2 9 13
7 2 10 2
4 2 9 14
2 3 4 1 6
13 1 4
4 4 12 7 8 1
9 4 13 9 10 7
1 0
15 1 3
11 2 6 3
1 2 9 1
3 4 1 3 6 13
14 3 12 6 2
12 3 13 1 7
11 2 1 12
12 2 13 8
11 1 8
3 2 3 3
12 5 8 15 3 5 8
2 2 10 2
7 2 1 15
4 2 1 5
1 1 10
3 3 4 6 3
4 3 14 12 6
10 2 8 12
11 2 7 12
6 3 9 5 6
9 0
5 3 9 13 15
9 6 13 11 4 11 4 4
11 1 2
8 20
29 15 29 44 35 2 16 40
41 16 24 27 26 41 33 47 22 34 28 37 36 4 24 8 4 17
32 13 43 7 47 44 43 24 46 18 11 24 14 3 39
34 15 26 49 3 14 39 1 44 29 9 47 23 20 8 3 17
10 10 1 43 4 34 24 8 29 12 4 45
25 16 33 47 9 41 32 44 24 33 39 10 36 7 24 33 39 27
20 20 10 43 19 31 27 49 20 23 10 6 29 19 47 15 24 19 23 41 5 6
20 9 20 37 33 3 9 33 15 34 44
25 12 10 13 15 16 29 48 30 45 10 29 8 19
47 11 6 25 19 11 4 13 14 38 34 18 43
21 11 18 15 8 3 14 13 48 30 5 28 5
19 8 2 19 25 18 44 31 28 31
7 15 29 45 37 14 49 46 50 17 35 28 3 46 37 7 29
42 11 7 36 21 1 4 33 28 20 32 34 43
21 11 32 34 41 13 7 35 46 36 31 8 17
39 8 34 38 36 13 23 18 17 13
15 10 18 42 14 44 13 47 4 3 28 46
41 13 39 49 17 10 38 7 15 3 32 38 37 25 17
41 9 27 45 30 4 44 39 29 38 49
10 12 48 48 29 22 49 13 35 26 31 36 40 19
10 13 10 9 42 9 41 15 43 37 17 12 48 32 26
58 200
16 3 15 20 28 27 26 18 10 3 16 6 21 11 10 2 11 30 6 16 7 30 27 18 30 25 18 3 30 24 24 12 27 5 1 21 29 24 7 8 24 21 11 11 31 20 10 8 17 15 23 23 12 16 7 10 9 25
11 4 14 30 23 15
6 1 29
17 1 19
3 1 9
17 2 24 5
10 4 18 9 27 25
8 3 29 5 12
17 1 13
28 3 6 23 1
5 0
7 3 14 7 11
2 5 1 16 16 13 15
12 2 29 14
30 3 1 26 6
22 1 3
23 3 22 22 25
10 1 21
19 0
9 2 4 2
19 4 17 11 4 2
24 1 17
23 2 11 1
1 0
15 1 17
15 2 9 12
12 4 26 28 6 3
30 2 8 18
19 1 25
21 1 10
5 1 22
12 1 26
31 2 1 16
10 1 18
27 3 2 13 29
1 3 17 8 17
27 1 25
3 4 29 15 13 4
8 0
10 1 22
31 1 25
12 2 16 10
15 2 24 12
1 4 22 18 6 29
22 0
13 1 14
20 4 9 1 15 16
11 2 27 21
20 0
5 4 11 21 24 7
17 0
6 4 2 2 2 13
28 1 31
9 0
6 1 4
11 2 5 24
21 0
15 1 1
7 3 14 10 1
8 1 24
4 1 19
9 1 23
18 2 13 2
2 3 24 18 4
17 4 3 3 9 26
13 1 15
2 2 11 15
10 1 31
15 1 7
9 1 10
17 2 2 29
12 1 22
18 0
31 5 9 19 2 16 7
12 2 8 25
6 1 21
11 1 17
29 2 18 9
14 2 12 10
28 2 18 2
2 0
31 3 12 19 5
2 2 24 19
29 2 1 9
6 1 11
5 0
6 2 7 5
26 0
19 1 12
10 2 30 4
2 1 3
21 3 4 27 20
17 2 28 28
17 2 18 14
22 0
2 3 2 19 27
29 3 10 5 9
21 1 14
9 1 14
11 1 29
29 3 12 9 25
25 2 14 12
22 1 14
13 0
25 1 30
1 1 15
19 3 31 6 2
2 5 10 8 5 25 9
29 4 25 21 8 26
30 0
29 0
31 0
29 4 29 26 19 1
29 4 12 25 21 18
26 1 8
3 1 30
31 4 14 19 11 30
30 0
26 0
17 0
8 1 19
26 4 12 2 12 20
6 3 26 16 28
22 0
11 2 13 10
25 2 20 15
23 4 8 29 4 25
9 1 18
14 0
31 2 3 28
19 0
9 3 15 21 19
25 2 11 9
7 3 23 7 15
21 1 29
16 2 1 17
7 1 18
6 1 28
15 2 6 29
5 2 11 21
5 3 9 12 18
12 4 20 29 5 6
4 2 18 11
31 2 7 12
7 1 19
27 2 10 19
3 2 11 31
7 3 8 15 24
25 0
26 0
23 2 20 26
31 0
20 2 18 5
26 2 3 21
21 1 18
31 3 4 19 12
19 2 23 24
11 0
6 1 13
1 1 29
10 2 16 31
22 1 13
9 3 13 2 24
1 0
28 1 24
27 6 25 26 19 2 3 3
14 1 2
4 1 1
31 1 8
28 0
8 2 15 22
4 3 28 20 31
7 1 27
9 2 27 16
1 3 17 5 22
13 2 21 13
2 6 7 25 11 25 31 31
3 1 23
17 1 7
27 1 29
27 0
6 0
24 3 7 13 30
15 1 7
31 2 26 14
13 2 8 29
12 3 17 21 25
18 0
21 2 17 29
17 3 7 15 22
16 0
29 0
7 3 23 11 29
22 0
27 0
4 2 9 12
18 0
10 1 11
5 1 19
15 3 12 15 26
4 2 2 8
1 200
119
49 1 199
141 1 50
41 1 70
81 1 90
135 1 111
186 1 26
131 1 11
24 1 19
89 1 168
167 1 189
115 1 142
94 1 38
176 1 91
19 1 71
133 1 116
173 1 174
60 1 87
16 1 100
63 1 149
113 1 103
18 1 177
74 1 122
136 1 104
12 1 154
102 1 157
96 1 187
103 1 55
57 1 150
182 1 10
88 1 170
194 1 125
92 1 15
138 1 81
77 1 118
98 1 175
13 1 58
108 1 194
181 1 124
198 1 148
189 1 159
43 1 155
61 1 18
119 1 68
153 1 37
10 1 88
187 1 138
23 1 96
93 1 141
67 1 188
178 1 85
101 1 162
114 1 166
29 1 152
145 1 36
111 1 134
70 1 136
64 1 16
164 1 196
95 1 115
32 1 120
142 1 75
116 1 60
86 1 132
84 1 106
192 1 2
163 1 89
8 1 131
162 1 53
149 1 21
185 1 95
21 1 128
65 1 35
26 1 197
107 1 147
137 1 183
148 1 54
154 1 164
121 1 98
42 1 184
112 1 67
36 1 195
159 1 51
174 1 176
91 1 14
157 1 200
125 1 17
200 1 73
35 1 29
126 1 78
170 1 198
100 1 59
34 1 63
15 1 190
171 1 99
51 1 179
38 1 139
78 1 86
177 1 93
140 1 127
54 1 130
76 1 193
196 1 133
128 1 31
85 1 1
46 1 13
165 1 94
30 1 146
124 1 153
104 1 25
47 1 144
106 1 108
33 1 145
48 1 186
143 1 83
109 1 160
7 1 33
25 1 69
179 1 12
59 1 41
130 1 158
190 1 64
68 1 169
66 1 8
150 1 65
169 1 39
195 1 126
22 1 92
180 1 49
56 1 167
132 1 117
5 1 135
160 1 105
58 1 28
82 1 72
168 1 129
79 1 76
199 1 45
123 1 113
4 1 114
152 1 82
55 1 57
20 1 61
110 1 173
14 1 56
105 1 185
122 1 6
90 1 178
166 1 46
1 1 80
11 1 97
118 1 109
155 1 34
40 1 7
188 1 163
156 1 5
120 1 44
134 1 121
175 1 32
117 1 191
184 1 40
158 1 140
73 1 143
129 1 22
37 1 110
9 1 151
80 1 9
72 1 66
75 1 84
183 1 30
144 1 181
97 1 42
161 1 101
139 1 43
71 1 165
99 1 137
127 1 4
87 1 107
45 1 27
44 1 77
62 1 3
6 1 180
28 1 161
172 1 192
31 1 156
193 1 123
39 1 52
191 1 23
147 1 74
83 1 48
3 1 24
69 1 172
50 1 171
146 1 47
27 1 62
197 1 112
2 1 20
151 1 102
52 1 79
53 1 20
17 1 182
18 127
25 17 16 1 28 23 10 8 27 15 30 10 12 24 30 15 10 10
4 4 11 30 14 9
8 1 24
16 5 12 23 11 19 7
6 4 3 23 24 19
2 4 22 14 31 31
30 4 6 10 9 10
20 5 30 12 1 14 6
1 3 6 16 23
14 3 22 5 30
19 0
4 2 7 29
1 3 3 26 19
14 1 22
26 2 10 25
15 2 11 8
28 3 29 19 10
24 3 9 30 13
11 2 2 12
17 4 21 23 20 28
2 2 4 24
16 3 25 19 15
12 2 17 13
16 2 18 14
14 1 11
20 5 22 21 5 13 31
25 6 14 23 19 6 23 4
7 2 18 29
16 2 15 2
9 1 20
14 5 23 15 12 21 31
23 2 11 16
12 4 21 6 31 29
20 6 2 11 26 17 5 8
8 0
15 1 15
21 4 29 20 15 3
4 4 5 21 4 9
3 1 5
20 4 21 17 1 22
17 5 28 14 15 5 9
21 2 10 8
23 4 28 30 3 26
15 4 21 13 5 19
2 4 21 9 3 15
17 1 5
29 3 17 27 10
29 2 28 3
9 3 4 24 28
7 4 25 9 17 24
14 2 21 20
8 4 20 12 31 22
22 5 1 22 8 1 28
23 1 21
24 3 4 4 5
5 1 24
9 4 13 26 13 6
15 4 31 12 20 11
9 5 2 31 20 30 19
25 3 20 18 28
21 1 19
22 0
16 4 16 29 7 29
1 3 14 17 12
10 5 8 16 17 10 29
21 4 9 30 22 1
16 2 2 27
31 3 23 13 29
23 3 6 12 4
16 1 29
19 3 4 9 22
8 3 30 11 25
4 3 19 23 14
8 4 27 16 16 8
23 3 4 18 6
5 6 6 21 23 25 30 25
22 2 13 29
18 2 25 25
2 3 9 2 5
28 4 18 2 15 4
24 4 9 9 25 24
13 4 24 9 2 29
4 3 14 9 23
13 4 7 31 14 6
4 2 28 14
25 5 18 10 4 31 11
15 2 10 6
13 3 18 20 29
9 5 23 16 17 5 9
23 1 30
4 6 13 4 29 14 6 23
29 3 18 6 14
11 4 31 26 8 22
17 5 27 10 16 6 1
28 0
21 3 5 19 23
5 2 21 17
10 2 31 6
18 3 5 13 20
27 3 29 1 15
25 4 17 10 11 22
3 4 10 25 13 13
3 4 21 29 12 9
28 3 18 26 7
10 3 11 3 7
23 1 31
30 3 15 19 5
31 3 12 20 23
10 0
31 5 15 28 16 27 19
27 3 2 25 5
31 3 25 5 16
10 4 20 10 17 19
30 4 4 8 9 13
12 3 8 20 9
14 4 12 16 5 14
24 3 30 2 4
24 1 27
24 2 30 17
30 3 16 20 20
15 5 4 20 18 29 2
25 6 18 9 11 24 3 22
27 1 4
26 2 4 5
10 0
21 4 24 29 20 28
13 1 20
14 4 25 16 29 21
1 199
110
110 1 58
16 3 65 15 77
108 1 49
3 1 11
45 0
39 0
52 1 101
75 1 86
2 0
57 0
106 0
70 0
42 3 49 15 80
83 1 86
23 1 109
105 0
102 1 58
81 2 77 11
5 0
74 0
91 0
31 1 109
43 1 65
66 1 65
104 1 80
10 1 53
61 1 109
69 2 11 49
17 1 53
103 1 58
8 0
67 1 101
9 1 53
99 0
19 0
25 1 49
47 0
1 5 109 49 53 53 65
68 3 58 109 58
88 0
87 2 109 21
46 2 53 34
72 1 80
84 1 11
33 0
7 2 34 65
59 1 80
94 1 80
90 2 49 15
28 1 52
49 0
58 1 80
4 2 108 49
67 2 9 48
69 4 17 56 21 15
109 2 65 65
105 3 102 82 65
65 2 109 15
86 1 11
86 3 34 86 77
57 5 106 44 77 15 49
49 0
11 2 15 49
11 1 49
79 2 8 21
90 1 93
21 3 80 80 11
66 3 104 36 34
65 0
85 3 33 109 65
15 2 34 34
46 3 72 22 65
55 3 83 109 11
39 3 52 27 53
7 5 59 73 21 15 58
58 2 21 21
49 1 15
77 2 65 109
77 2 15 65
64 2 81 34
103 5 8 32 80 101 21
97 4 110 65 58 11
92 1 23
71 2 102 101
16 3 108 26 34
86 3 109 77 80
86 0
77 1 109
30 3 84 77 11
70 3 42 111 65
109 3 65 53 109
83 4 23 55 77 53
27 2 39 15
10 3 61 96 11
11 0
21 1 21
22 3 46 15 34
31 4 43 89 15 11
53 2 77 77
40 1 43
36 1 66
88 5 87 41 109 101 109
9 2 99 78
86 3 49 80 65
21 1 53
53 1 65
3 3 45 76 80
53 1 53
62 2 25 80
96 5 10 53 21 21 34
78 3 9 34 80
12 2 99 86
53 0
109 3 34 11 65
24 1 106
95 2 74 34
77 0
11 1 15
5 3 74 18 101
20 6 19 58 49 34 86 58
59 3 94 100 58
48 4 67 77 49 101
34 2 11 86
19 3 25 20 77
107 2 17 15
76 3 3 86 53
104 4 10 35 109 49
74 3 91 95 65
77 2 21 109
77 1 15
32 3 103 49 34
53 1 34
45 7 39 14 53 80 86 101 21
53 3 34 58 109
50 2 61 77
14 1 45
58 0
21 2 34 86
21 1 80
101 1 101
87 3 46 51 109
93 1 90
108 2 3 4
89 1 31
101 2 53 34
63 1 91
49 0
8 3 67 79 11
84 3 33 30 11
43 5 66 40 21 49 77
77 3 11 21 58
37 3 68 65 58
109 0
109 1 109
56 2 69 53
94 4 90 38 58 77
102 3 81 71 53
82 3 105 58 15
73 4 7 80 86 80
47 4 1 13 58 86
77 1 80
111 2 70 109
51 1 87
29 2 75 77
72 2 84 60
110 3 16 97 58
42 3 83 54 11
49 0
100 1 59
54 2 42 34
35 3 104 53 86
91 2 31 63
6 4 1 34 21 101
99 2 19 12
75 2 2 29
11 0
81 3 5 64 11
23 2 105 92
17 2 103 107
25 4 47 62 49 77
2 5 57 98 86 80 49
68 7 88 37 101 109 53 77 15
106 4 70 24 80 80
13 3 47 86 101
11 1 101
34 2 21 21
61 3 69 50 49
41 2 88 65
15 1 65
98 4 2 34 80 86
26 3 16 109 21
1 3 68 6 34
18 2 5 21
33 4 7 85 49 49
44 1 57
38 1 94
109 2 77 65
52 3 75 28 80
60 2 72 49
10 50
4 7 6 12 13 11 11 9 4 11
4 0
4 1 12
13 4 9 9 10 8
7 3 8 3 6
10 0
11 1 10
3 1 3
6 2 1 10
6 2 10 1
10 1 13
1 4 12 10 1 13
12 3 1 2 9
1 0
9 4 5 13 10 10
13 0
12 0
2 1 3
13 1 7
6 3 10 8 3
5 1 2
6 4 11 3 1 5
9 1 7
13 2 4 1
13 4 12 13 3 12
9 0
12 2 9 6
12 2 5 5
8 3 1 9 5
9 3 10 9 6
3 2 9 4
7 3 11 5 3
13 5 8 12 3 4 12
8 0
6 2 1 11
6 3 10 1 6
6 4 10 4 10 7
6 1 10
8 2 12 5
11 2 8 7
13 3 8 1 8
7 2 11 6
1 0
12 2 6 3
7 0
11 0
13 0
6 1 2
12 1 4
12 1 3
13 3 7 13 5
1 200
200
200 1 200
200 1 200
200 1 200
200 1 200
200 1 200
200 1 200
200 1 200
200 1 200
200 1 200
200 1 200
200 1 200
200 1 200
200 1 200
200 2 200 200
200 1 200
200 1 200
200 1 200
200 1 200
200 1 200
200 1 200
200 1 200
200 1 200
200 1 200
200 1 200
200 1 200
200 1 200
200 1 200
200 1 200
200 1 200
200 1 200
200 1 200
200 1 200
200 1 200
200 1 200
200 1 200
200 1 200
200 1 200
200 1 200
200 1 200
200 1 200
200 1 200
200 1 200
200 1 200
200 1 200
200 1 200
200 1 200
200 1 200
200 1 200
200 1 200
200 1 200
200 1 200
200 1 200
200 1 200
200 1 200
200 1 200
200 1 200
200 1 200
200 1 200
200 1 200
200 1 200
200 1 200
200 1 200
200 1 200
200 1 200
200 1 200
200 1 200
200 1 200
200 1 200
200 1 200
200 1 200
200 1 200
200 1 200
200 1 200
200 1 200
200 1 200
200 1 200
200 1 200
200 1 200
200 1 200
200 1 200
200 1 200
200 1 200
200 1 200
200 1 200
200 1 200
200 1 200
200 1 200
200 1 200
200 1 200
200 1 200
200 1 200
200 1 200
200 1 200
200 1 200
200 1 200
200 1 200
200 1 200
200 1 200
200 1 200
200 1 200
200 1 200
200 1 200
200 1 200
200 1 200
200 1 200
200 1 200
200 1 200
200 1 200
200 1 200
200 1 200
200 1 200
200 1 200
200 1 200
200 1 200
200 1 200
200 1 200
200 1 200
200 1 200
200 1 200
200 1 200
200 1 200
200 1 200
200 1 200
200 1 200
200 1 200
200 1 200
200 1 200
200 1 200
200 1 200
200 1 200
200 1 200
200 1 200
200 1 200
200 1 200
200 1 200
200 1 200
200 1 200
200 1 200
200 1 200
200 1 200
200 1 200
200 1 200
200 1 200
200 1 200
200 1 200
200 1 200
200 1 200
200 1 200
200 1 200
200 1 200
200 1 200
200 1 200
200 1 200
200 1 200
200 1 200
200 1 200
200 1 200
200 1 200
200 1 200
200 1 200
200 1 200
200 1 200
200 1 200
200 1 200
200 1 200
200 1 200
200 1 200
200 1 200
200 1 200
200 1 200
200 0
200 1 200
200 1 200
200 1 200
200 1 200
200 1 200
200 1 200
200 1 200
200 1 200
200 1 200
200 1 200
200 1 200
200 1 200
200 1 200
200 1 200
200 1 200
200 1 200
200 1 200
200 1 200
200 1 200
200 1 200
200 1 200
200 1 200
200 1 200
200 1 200
200 1 200
200 1 200
200 1 200
200 1 200
200 1 200
39 127
4 16 11 17 8 9 11 4 1 13 3 9 10 12 14 15 16 10 2 8 11 15 12 7 5 11 14 6 14 1 9 1 8 2 8 15 1 1 10
9 0
4 3 3 11 13
12 1 14
17 1 15
14 2 9 14
14 1 11
4 4 11 7 5 13
11 0
12 6 2 17 8 12 4 4
5 1 17
3 2 8 6
2 1 10
15 3 4 17 14
17 3 17 5 1
13 3 7 6 1
12 1 4
12 2 2 12
14 3 3 8 7
16 3 2 7 15
8 2 2 16
2 1 14
7 2 5 5
17 9 9 8 2 10 16 1 16 9 8
10 1 7
14 1 10
9 3 11 15 17
8 3 13 15 3
3 2 6 9
1 2 4 15
16 1 7
3 4 8 15 13 6
9 2 11 7
3 3 15 3 7
14 1 8
17 3 15 2 9
16 2 6 2
1 1 1
3 0
17 0
12 0
15 0
2 3 4 15 17
5 0
3 7 16 17 4 11 1 17 4
1 3 15 4 11
8 3 2 12 17
14 1 5
13 3 16 11 13
13 2 16 2
12 2 13 11
3 0
5 0
10 3 12 3 4
10 2 8 12
14 3 1 16 5
6 1 2
10 1 1
4 3 13 10 4
16 3 17 4 16
10 0
10 7 9 15 12 1 1 7 2
1 4 15 15 16 16
1 1 3
12 2 9 4
5 1 15
17 3 12 10 11
10 0
5 1 14
11 0
9 0
8 2 11 8
8 2 12 14
10 2 13 14
3 2 15 2
11 2 14 10
2 4 15 13 1 8
1 0
15 5 8 13 7 4 5
5 1 5
13 0
1 2 1 3
15 3 3 1 13
8 1 9
10 4 9 12 11 2
16 0
4 1 5
6 1 11
8 0
15 1 8
5 4 10 16 14 3
17 0
8 5 1 5 16 7 2
13 2 7 7
17 3 13 16 13
10 2 2 7
1 1 4
8 1 6
3 0
13 2 7 2
1 2 1 15
11 3 9 17 9
11 2 12 6
16 0
12 1 13
13 5 8 4 5 1 9
17 1 11
4 3 6 5 8
14 2 3 16
15 2 14 8
8 1 5
17 2 10 13
15 3 17 17 16
13 2 4 17
8 3 4 7 9
7 2 13 10
11 2 12 5
2 4 14 8 17 13
3 3 1 8 5
1 3 11 1 14
8 1 9
7 3 15 14 14
17 1 11
6 1 5
3 3 10 5 3
8 4 2 13 16 11
15 2 3 6
11 5 16 11 6 12 11
158 200
15 4 2 10 6 15 18 19 3 10 5 16 13 2 4 3 15 8 12 9 12 2 3 4 8 20 20 1 11 15 1 17 11 3 19 16 9 16 7 3 5 11 10 9 4 5 4 19 13 15 7 16 17 9 11 16 1 10 16 11 4 8 19 6 2 17 2 2 12 8 5 8 10 14 17 13 11 12 3 15 18 2 10 14 2 20 1 2 1 8 4 16 16 3 2 17 11 15 19 15 2 15 2 3 20 10 7 10 1 2 4 11 3 13 4 4 4 17 18 4 4 1 12 19 15 13 8 18 7 18 12 20 12 5 14 11 7 20 1 19 1 4 9 15 9 5 11 4 1 8 20 4 20 11 15 7 15 14
4 1 11
1 0
11 1 11
7 0
12 2 7 17
14 3 18 14 8
11 0
5 2 5 15
4 2 15 12
9 0
16 2 4 9
16 1 1
8 0
17 0
12 0
8 1 13
3 2 13 15
12 1 2
12 4 9 8 8 14
13 0
15 2 1 6
4 1 14
20 0
14 0
8 4 19 15 12 4
12 1 17
4 2 8 4
14 0
10 2 8 15
18 1 5
7 2 5 16
5 2 20 11
10 2 1 5
9 1 11
11 0
13 0
2 1 4
13 0
17 1 3
17 0
2 1 1
5 1 14
13 1 13
1 1 19
1 1 6
16 1 20
8 1 8
3 0
7 1 18
12 0
8 0
1 0
15 0
19 2 12 3
15 2 14 17
2 0
10 1 18
10 1 3
7 0
19 2 18 18
20 0
5 0
3 0
1 1 1
13 3 18 17 10
5 0
6 4 7 5 13 11
6 1 3
18 0
2 1 19
3 2 11 12
11 0
18 2 5 2
7 1 1
3 3 12 20 1
18 1 3
14 1 11
10 2 20 16
13 0
20 1 10
1 1 17
20 2 20 20
12 2 13 1
16 1 8
10 0
18 1 11
9 2 13 19
20 1 14
8 0
8 1 8
10 0
19 1 13
12 3 14 4 12
5 1 7
11 5 14 19 2 12 9
17 1 5
9 0
16 0
14 1 11
18 2 2 8
10 0
16 3 16 1 6
20 0
7 0
14 2 16 2
2 0
17 1 12
7 0
4 2 20 4
1 1 12
18 1 10
16 0
12 3 1 6 12
10 4 18 6 8 20
3 0
1 1 2
7 4 5 2 5 17
4 2 18 5
20 1 13
14 1 12
11 1 9
2 2 12 13
4 2 3 17
14 2 12 15
6 1 3
15 0
2 2 8 12
6 1 20
10 0
16 2 5 4
4 0
11 0
3 1 1
15 1 5
18 1 7
9 0
17 0
14 1 2
7 3 14 13 1
12 0
14 2 3 6
5 0
7 1 2
5 0
14 2 18 7
2 0
5 2 4 11
20 2 3 5
5 2 1 4
17 0
6 0
7 3 12 12 19
18 2 16 15
9 0
12 2 11 14
15 2 17 13
15 1 1
6 0
20 0
17 0
13 2 17 4
15 0
7 0
15 3 4 16 18
10 0
4 2 15 4
15 0
18 1 19
9 1 15
2 0
9 1 11
14 1 17
6 0
7 1 11
18 2 7 4
19 5 10 18 17 16 14
20 2 6 19
15 2 2 16
10 2 14 14
4 3 3 15 9
3 3 18 7 12
15 0
2 2 10 7
20 2 18 10
16 3 16 16 9
6 2 11 13
6 2 15 5
2 0
11 1 9
5 1 8
18 0
3 0
12 0
17 1 16
9 2 5 3
1 2 16 14
12 4 1 6 6 19
4 1 10
10 3 7 17 18
1 1 16
2 200
54 164
73 2 25 66
114 2 177 73
101 2 4 114
48 1 101
5 4 143 103 48 79
23 3 101 146 5
113 6 192 121 144 23 47 146
60 2 143 113
74 2 47 60
195 1 74
140 2 70 195
145 3 14 140 150
46 1 145
99 4 87 46 126 28
10 2 5 99
29 3 85 10 197
111 4 112 19 139 29
174 1 111
2 4 145 17 50 174
87 2 41 2
154 2 123 87
27 1 154
18 1 27
180 2 75 18
150 1 180
77 2 7 150
8 2 26 77
20 1 8
17 4 11 125 20 110
136 2 115 17
152 3 95 136 165
193 2 46 152
25 2 170 193
157 4 102 52 25 134
57 2 59 157
42 1 57
35 1 42
123 2 58 35
24 2 126 123
118 1 24
156 1 118
14 1 156
13 2 156 14
15 2 195 13
71 2 143 15
181 1 71
191 2 179 181
108 2 20 191
82 2 181 108
97 2 187 82
168 2 14 97
128 3 60 2 168
83 1 128
161 1 83
55 1 161
70 2 167 55
39 2 54 70
184 1 39
12 1 184
143 2 10 12
199 1 143
47 2 195 199
141 3 136 47 197
190 3 74 141 68
90 3 59 137 190
93 4 150 121 90 191
41 1 93
197 1 41
137 2 12 197
52 4 136 12 137 95
89 2 113 52
167 3 174 93 89
88 1 167
26 3 20 189 88
79 2 1 26
146 1 79
67 1 146
132 1 67
187 2 13 132
100 3 138 187 8
58 2 153 100
22 1 58
38 3 38 46 22
75 1 38
49 1 75
44 3 155 49 12
125 2 193 44
155 2 84 125
200 2 118 155
19 2 182 200
106 1 19
149 1 106
31 2 144 149
37 2 36 31
185 2 33 37
160 2 11 185
158 5 38 110 160 87 86
117 2 190 158
51 2 131 117
72 2 168 51
196 3 14 72 135
176 3 150 169 196
105 3 14 176 182
148 2 66 105
178 1 148
104 1 178
183 2 66 104
116 3 126 183 32
76 4 155 27 160 116
6 5 55 21 78 15 76
69 1 6
80 2 97 69
169 1 80
107 4 187 169 160 86
7 1 107
3 2 170 7
63 2 2 3
61 1 63
96 1 61
92 2 47 96
115 1 92
188 1 115
119 1 188
68 2 124 119
95 4 122 189 68 102
172 1 95
194 3 20 179 172
189 3 63 78 194
16 2 8 189
84 2 96 16
110 2 167 84
153 2 57 110
112 1 153
53 1 112
33 2 109 53
179 2 17 33
54 2 99 179
175 1 54
43 3 127 175 49
85 2 16 43
94 1 85
171 1 94
166 3 128 95 171
64 1 166
192 3 176 105 64
151 1 192
28 2 138 151
144 3 22 183 28
98 1 144
134 3 57 179 98
34 1 134
130 1 34
66 2 180 130
173 2 23 66
133 3 186 173 112
126 1 133
120 2 61 126
138 1 120
86 1 138
163 3 51 86 33
170 2 112 163
102 1 170
129 1 102
91 2 146 129
56 2 90 91
122 2 186 56
182 3 133 122 160
177 3 163 182 101
1 2 178 177
45 3 160 1 54
165 1 45
159 1 165
78 1 159
127 3 55 78 100
162 1 127
65 4 131 108 162 131
81 1 65
139 2 194 81
36 2 51 139
40 2 107 36
109 3 114 40 183
198 2 59 109
30 2 131 198
131 3 142 30 181
32 1 131
135 2 130 32
11 2 108 135
103 1 11
121 1 103
4 1 121
147 1 4
50 1 147
124 1 50
9 1 124
142 4 55 9 90 140
62 2 131 142
21 3 9 62 114
186 2 2 21
59 2 29 186
164 1 59
4 107
2 2 4 2
4 1 4
4 1 4
5 2 3 2
2 0
2 0
2 1 3
3 1 1
4 2 5 2
3 1 4
3 1 3
2 1 1
1 1 1
5 1 1
4 2 4 3
1 2 3 1
3 4 4 4 2 5
2 4 4 4 2 1
3 0
1 4 1 1 3 4
5 2 4 5
3 3 2 5 1
5 1 3
1 0
1 0
2 3 5 4 5
4 0
4 2 1 1
5 3 4 1 5
4 2 1 4
3 3 4 5 4
1 2 4 1
2 1 3
4 2 2 2
3 1 3
5 2 1 4
5 1 5
4 1 4
2 1 2
5 2 5 5
3 0
1 4 1 1 3 1
2 0
3 2 2 3
5 0
5 0
3 1 5
2 2 5 5
1 1 2
3 3 1 4 4
5 1 4
5 0
5 3 5 1 3
4 1 3
2 3 2 2 5
5 1 1
3 2 3 4
2 1 5
5 5 2 1 3 4 1
2 1 1
5 4 2 3 4 4
2 0
4 0
3 2 5 3
5 1 3
1 0
4 1 2
1 2 1 4
1 1 2
5 1 1
1 0
3 0
3 3 3 4 5
2 1 5
2 0
2 1 1
3 0
2 2 2 1
1 1 2
5 2 2 5
4 0
5 1 2
2 1 1
3 0
5 3 2 1 2
3 0
4 0
2 1 2
2 1 4
5 1 2
5 1 2
3 2 1 4
1 0
4 0
1 2 1 5
3 1 3
4 1 5
4 2 1 4
5 2 5 1
5 0
1 0
2 2 2 4
4 0
3 3 1 5 5
5 0
1 0
1 3 1 3 3
2 0
4 200
1 4 3 2
1 1 2
4 3 3 3 2
5 3 4 4 2
5 4 2 2 3 3
3 0
3 1 2
4 0
2 2 4 1
1 0
4 1 5
2 1 2
1 3 3 4 1
4 1 2
1 0
5 2 2 3
1 3 5 2 4
2 1 2
5 0
3 1 4
3 1 5
4 0
4 1 4
1 1 1
5 1 5
1 0
2 1 3
3 2 3 5
1 0
5 1 5
2 1 3
1 0
3 1 5
5 2 5 4
3 1 2
2 1 3
2 4 3 2 2 2
2 1 5
5 2 2 3
3 1 2
2 1 3
5 0
2 4 3 4 5 5
5 3 3 1 5
1 2 2 3
2 2 4 5
1 4 4 4 3 3
1 4 5 3 4 3
5 1 4
5 2 4 2
5 1 1
3 0
3 1 1
5 0
5 1 4
4 2 2 3
5 0
2 0
1 1 3
2 1 1
3 0
2 2 4 2
3 3 5 5 5
5 2 2 2
3 0
2 0
1 0
2 0
3 1 5
1 2 3 1
1 2 5 3
1 1 1
2 1 4
2 1 4
2 1 4
2 2 2 2
1 1 4
2 0
2 1 3
5 2 2 2
3 0
2 0
2 1 1
5 2 4 2
1 2 5 3
4 1 4
3 0
3 0
5 1 1
5 0
4 1 5
2 1 4
3 0
3 4 4 3 1 5
2 1 3
1 0
4 2 4 1
2 2 3 5
2 1 5
3 0
4 1 1
2 1 2
1 0
1 3 3 1 1
1 1 1
2 0
2 0
1 0
1 1 2
1 1 3
2 3 4 1 2
3 0
2 4 3 2 1 1
4 1 3
5 0
4 0
2 1 5
4 0
1 2 2 5
3 3 3 5 2
4 1 5
2 0
1 2 5 4
1 0
4 0
4 2 4 4
3 4 3 1 4 5
5 1 3
3 2 2 4
1 2 5 3
4 1 1
1 1 3
5 2 3 5
4 2 3 2
3 2 3 1
5 2 2 4
3 1 5
2 0
2 1 3
3 4 5 3 3 5
2 1 5
3 3 2 3 5
2 1 1
5 3 3 4 5
3 1 5
1 0
5 2 1 2
1 1 1
5 1 4
3 2 2 1
3 2 5 1
5 3 1 4 2
4 0
1 4 1 2 2 4
2 2 2 3
4 1 3
4 1 4
5 2 1 2
3 4 2 4 5 2
1 2 3 4
5 1 4
2 0
4 1 5
4 1 4
5 0
3 2 2 3
5 2 1 3
4 1 3
4 2 4 3
1 2 3 3
3 4 5 5 5 4
2 2 3 4
4 1 4
5 0
3 0
1 0
2 2 5 1
3 2 1 4
2 1 3
1 2 5 2
2 3 5 2 1
1 0
2 2 3 2
5 1 5
1 2 2 3
4 2 1 1
3 0
2 0
3 4 3 3 4 2
3 2 5 3
4 1 3
4 0
4 0
4 0
5 0
5 1 1
2 1 4
4 1 1
4 2 5 3
2 0
2 0
3 200
7 20 22
13 3 5 6 2
17 3 5 14 4
13 1 5
17 1 6
5 2 19 15
20 2 18 1
1 2 12 10
8 3 17 17 17
7 2 18 13
16 1 5
22 2 2 9
10 1 1
5 0
1 0
8 2 21 12
12 1 17
9 1 7
2 2 6 20
1 0
14 3 5 19 19
2 1 20
19 2 2 21
6 1 20
7 2 22 8
4 2 16 20
13 1 1
14 1 16
22 2 2 5
13 0
19 1 7
4 5 8 1 2 2 13
1 3 10 10 20
11 1 15
16 2 19 6
15 3 21 16 11
13 2 20 8
12 3 18 6 1
15 2 19 12
20 0
18 3 19 20 1
9 2 8 5
19 1 15
5 1 19
13 1 18
17 0
10 3 13 2 13
22 0
2 1 5
10 1 10
22 3 7 18 11
13 2 6 12
9 1 22
18 0
18 1 22
15 2 14 12
19 1 10
6 3 8 1 13
4 0
16 1 3
19 3 22 22 4
20 1 13
19 2 21 4
19 2 18 1
8 1 19
11 2 1 6
10 1 21
18 2 4 20
22 0
2 0
13 1 21
17 3 9 21 2
8 2 18 2
7 0
20 1 5
18 3 1 3 10
22 1 18
5 0
17 1 6
1 1 10
12 1 21
14 0
13 3 22 13 16
18 2 22 11
7 3 15 7 12
7 0
10 0
1 0
12 0
12 1 2
16 0
6 2 9 15
9 4 16 1 22 22
11 3 7 8 21
1 1 5
15 3 10 1 18
21 3 12 22 8
10 2 5 19
8 1 2
18 2 19 22
9 4 10 7 6 13
21 0
10 3 3 19 16
17 0
3 2 16 5
5 3 11 10 12
10 1 17
2 1 5
10 0
3 3 1 20 19
2 5 2 19 16 18 22
19 1 7
16 1 4
13 0
15 3 3 1 19
21 0
17 2 1 14
22 0
21 1 6
4 3 6 14 20
11 1 4
15 1 2
10 4 6 21 20 15
18 2 7 4
1 1 11
8 2 6 16
10 2 22 1
19 5 5 20 7 12 17
17 0
17 1 21
14 2 16 15
3 1 17
13 0
1 4 8 18 8 11
17 3 20 22 15
16 0
6 2 12 17
3 0
17 0
13 3 14 11 20
5 0
17 2 14 10
7 1 13
18 1 5
5 2 6 17
21 2 4 16
16 1 1
19 1 19
19 3 11 18 9
15 1 22
22 1 2
5 0
5 3 2 11 7
7 4 2 18 17 7
22 0
5 0
14 1 20
9 1 3
21 1 4
8 1 11
2 1 8
12 3 16 9 11
9 3 7 21 21
12 1 1
10 1 12
1 4 13 15 17 12
5 2 1 9
13 2 21 16
3 3 5 8 16
20 2 10 20
1 2 10 11
5 2 16 6
12 5 18 3 15 5 7
8 3 7 13 2
1 1 20
16 2 13 15
4 1 13
16 1 11
12 2 10 18
20 3 3 8 9
8 1 12
9 1 17
3 5 16 2 20 22 6
10 2 18 21
16 1 1
2 1 8
12 0
5 1 16
9 1 16
10 1 7
11 2 5 9
10 0
19 2 15 9
19 3 3 7 7
21 0
5 3 10 12 20
17 4 2 16 11 2
2 0
15 3 1 5 2
20 2 17 18
19 0
1 200
23
10 1 4
21 1 3
9 2 12 21
19 0
15 1 14
14 0
1 2 16 18
20 1 11
6 0
10 0
22 1 19
11 1 8
16 2 14 9
4 0
16 3 3 5 4
10 3 4 2 6
11 1 5
11 0
12 1 4
19 1 10
2 1 9
14 1 23
5 0
2 3 3 4 10
7 1 3
14 0
17 1 8
10 2 21 6
23 1 2
22 1 13
10 2 18 18
3 0
19 2 9 15
12 0
21 0
4 0
2 0
15 1 6
23 1 13
1 1 20
2 2 19 12
22 2 16 22
12 0
17 0
2 2 3 3
21 0
4 1 6
6 0
3 1 2
15 1 2
1 1 7
21 0
22 1 2
5 1 16
22 0
22 1 16
18 1 14
9 1 1
8 1 9
11 0
7 0
11 2 17 4
14 0
3 0
23 2 8 5
11 0
23 0
18 2 20 12
20 4 12 14 20 4
23 0
19 0
21 4 21 16 23 7
15 0
7 1 23
14 0
16 1 4
21 2 3 16
11 1 21
21 0
17 1 19
19 4 1 8 9 10
15 0
15 0
17 1 12
19 1 5
13 0
9 0
7 0
16 2 20 7
17 2 11 1
17 0
22 3 23 5 18
21 0
7 2 15 1
18 0
20 0
12 0
18 1 19
15 1 4
8 2 6 12
11 2 3 7
10 0
22 0
2 2 6 1
10 1 20
12 2 15 2
11 1 19
1 5 12 20 5 6 8
23 1 13
2 0
18 2 23 23
18 1 23
16 1 9
9 3 15 2 9
6 0
5 0
15 1 7
14 0
5 2 9 20
7 1 7
1 1 18
21 1 23
23 2 4 3
22 1 10
22 0
17 0
18 2 17 17
4 0
5 0
3 1 13
5 1 19
15 2 2 20
6 1 17
3 1 7
16 0
15 1 15
14 0
3 1 18
16 1 15
7 2 21 5
4 0
10 0
19 0
13 0
12 1 12
18 0
17 0
3 1 12
2 0
21 0
10 2 3 5
3 1 5
13 1 13
3 2 17 13
18 0
5 2 16 16
13 0
6 1 7
8 2 9 18
18 3 21 23 2
9 1 11
12 2 17 23
3 1 13
8 1 15
14 0
19 2 3 1
23 1 4
21 1 15
15 0
9 0
22 2 13 22
13 2 11 17
12 0
11 1 9
2 2 5 15
23 3 13 18 7
22 2 3 15
19 2 16 13
19 1 23
23 2 9 6
10 0
22 1 18
19 1 14
16 2 6 6
1 2 18 13
13 1 11
20 0
14 0
13 1 11
4 1 4
8 2 7 3
15 0
15 3 5 8 12
4 0
22 2 18 14
22 0
16 1 9
15 0
20 2 14 18
8 1 7
1 200
5
5 1 3
5 0
4 0
1 3 9 8 4
5 1 10
5 3 6 1 4
10 0
2 3 10 9 10
5 1 2
3 2 5 2
6 2 5 5
9 0
1 1 4
8 1 2
7 0
10 2 9 9
1 1 3
6 2 7 6
6 3 8 9 1
3 1 10
4 4 7 1 6 5
3 3 9 4 10
9 0
7 2 3 3
9 3 9 7 10
10 1 8
4 5 9 6 1 2 5
6 4 6 10 9 8
9 2 10 7
2 2 10 6
2 0
3 2 5 7
8 3 2 4 4
6 0
6 2 1 6
3 3 7 4 1
2 1 4
5 0
4 1 6
9 2 9 6
9 1 7
1 1 6
7 2 10 9
1 1 7
10 0
3 1 2
10 1 10
1 2 9 1
10 2 1 3
5 2 2 10
3 2 4 5
5 4 3 4 5 8
9 1 6
2 1 2
3 1 9
10 2 5 2
3 0
6 2 10 6
7 0
1 3 9 7 6
9 2 4 2
9 1 1
6 1 5
9 3 4 2 6
6 2 2 3
1 1 4
3 2 10 10
7 0
7 0
8 2 2 10
7 2 6 3
7 1 5
8 0
3 2 7 5
8 2 8 7
8 1 7
7 3 3 4 5
9 4 4 7 10 6
10 2 3 5
9 3 8 2 2
4 0
2 0
5 1 5
4 0
5 2 4 5
8 2 9 3
5 3 7 2 9
8 2 7 2
5 2 7 2
2 1 2
8 1 1
4 3 7 5 8
2 4 6 2 5 9
5 4 3 9 1 10
4 1 10
7 1 9
5 4 5 2 8 1
6 3 2 4 2
5 1 10
3 0
3 1 1
2 1 10
10 2 8 6
2 0
6 2 5 8
9 1 1
1 0
3 0
7 1 3
10 1 3
3 0
2 2 5 3
2 2 4 4
7 0
8 1 10
6 1 9
4 0
2 2 2 10
5 0
9 0
5 4 6 3 1 4
5 5 4 2 1 6 5
4 2 3 2
6 1 3
9 2 5 7
7 3 8 4 5
2 0
6 2 6 2
4 1 5
7 1 3
10 1 5
8 2 7 1
10 0
9 3 1 9 8
9 3 10 1 6
5 1 1
9 0
10 4 4 10 4 1
9 1 3
6 4 10 1 3 1
9 3 8 7 10
3 1 4
9 3 4 1 9
2 2 1 4
10 4 10 5 10 7
6 2 7 9
10 0
5 2 5 6
10 1 2
4 4 5 8 5 10
3 1 7
4 2 5 10
8 0
8 1 7
2 3 6 2 6
7 2 3 10
6 1 1
3 3 7 10 5
4 1 10
9 1 2
1 0
3 2 8 6
6 0
2 0
4 1 3
7 2 6 3
9 2 4 5
2 3 5 6 10
6 1 5
9 3 6 1 3
9 3 5 2 10
6 4 5 10 1 2
2 4 1 9 5 9
8 1 5
10 2 10 6
1 2 5 9
5 2 10 10
9 0
5 3 3 3 1
6 1 9
2 2 6 2
10 2 1 10
2 1 5
2 1 5
7 2 9 10
3 0
8 3 5 9 7
5 4 4 3 10 10
5 2 7 7
3 1 4
3 2 9 2
8 3 7 2 1
5 2 7 10
1 2 9 2
9 2 10 3
8 4 6 5 1 2
9 2 1 5
9 2 6 3
2 1 9
4 1 5
2 123
21 49
185 4 12 183 154 174
22 5 7 186 16 88 143
32 4 12 54 69 94
13 5 167 34 131 127 117
180 3 171 168 175
78 4 7 116 15 96
125 1 76
153 3 55 118 33
47 3 94 97 112
97 6 48 199 156 11 119 33
13 4 42 97 136 121
33 6 115 180 8 94 62 166
93 5 27 178 74 43 67
49 1 92
115 8 198 161 121 41 149 59 1 133
102 4 189 187 9 92
1 1 109
107 3 112 135 13
146 3 156 25 128
45 5 16 199 12 62 4
153 4 185 171 85 162
195 3 98 79 167
175 3 5 120 88
162 2 73 113
120 2 57 191
194 2 187 111
93 1 24
36 3 48 153 59
150 4 105 154 146 104
94 2 42 42
9 2 135 51
86 3 83 147 87
67 3 126 61 154
40 2 47 68
98 6 148 120 36 169 40 163
47 1 91
69 0
175 1 113
151 4 188 60 58 174
67 2 106 18
71 5 130 76 161 29 170
163 6 54 62 70 97 43 169
99 3 135 142 77
163 4 39 121 89 143
163 1 149
165 3 129 109 172
16 3 66 88 189
116 4 139 114 62 76
71 2 196 152
113 3 21 160 183
112 2 88 113
175 3 179 99 16
108 3 65 140 147
86 2 155 118
88 0
27 2 74 96
31 5 103 149 157 83 71
132 4 146 60 135 108
62 4 57 21 162 148
180 5 108 87 68 164 153
25 3 95 145 90
22 5 125 145 33 71 178
66 2 133 185
44 4 67 34 106 163
61 3 180 17 34
115 3 198 28 99
90 1 89
129 7 39 142 2 34 183 161 10
89 3 44 113 182
40 5 55 186 119 113 84
147 5 56 3 121 158 7
160 3 192 141 7
155 5 30 200 122 104 147
45 3 158 173 133
74 4 160 49 68 185
117 5 181 2 102 27 150
9 3 174 152 161
90 3 73 42 10
32 0
31 3 129 195 41
2 4 19 141 138 95
143 1 68
6 3 19 24 97
109 3 67 48 5
181 3 40 11 80
45 3 97 41 75
135 7 70 107 18 25 141 4 122
11 1 193
177 1 19
149 4 75 133 23 49
143 5 9 112 82 95 178
1 2 168 85
170 1 173
160 5 128 177 7 79 46
44 4 18 138 146 168
183 3 138 109 169
74 3 133 92 87
85 6 66 1 22 116 48 34
63 4 105 18 49 65
163 1 73
77 5 113 168 77 187 40
10 3 115 46 95
74 4 54 20 191 114
31 2 79 153
54 3 161 28 60
147 5 109 50 196 29 92
99 2 76 39
63 3 114 69 132
188 3 173 142 27
131 6 70 189 92 158 165 74
45 1 172
190 1 168
25 2 44 108
2 2 72 137
50 6 94 36 66 117 73 158
157 2 90 102
47 4 157 111 4 160
137 1 184
168 4 42 175 28 113
23 4 42 195 3 113
37 6 46 111 200 142 141 175
62 1 100
175 2 185 134
4 63
4 2 4 1
3 1 2
1 1 4
1 0
3 0
4 0
2 4 3 1 2 3
4 1 1
3 2 3 1
2 3 4 4 2
3 2 2 4
4 0
4 2 4 2
1 3 3 1 4
1 1 4
1 3 4 4 1
4 2 3 2
1 3 3 4 3
2 2 1 4
4 0
4 0
4 3 4 2 2
1 0
3 2 1 2
4 2 3 4
2 4 4 3 1 1
3 0
4 1 3
4 0
2 1 3
4 2 1 1
4 0
1 2 1 2
1 2 3 2
4 0
3 2 3 2
4 0
2 2 1 2
2 1 4
2 2 1 1
3 5 3 3 4 4 2
4 1 2
2 2 2 4
3 0
4 0
2 4 2 4 4 2
3 3 2 4 2
4 4 3 2 3 4
3 0
4 2 3 1
3 1 1
2 3 3 3 3
3 1 3
4 1 1
4 1 3
2 2 3 3
1 1 3
2 0
1 0
1 2 2 3
4 1 1
1 2 2 1
4 0
4 3 3 2 2
