25
1 1
2
1 1 1
1 1
2
1 3 1 2 3
2 9
13 13
13 1 13
13 0
13 1 13
13 2 13 13
13 1 13
13 0
13 1 13
13 0
13 1 13
2 20
6 11
5 1 14
15 1 5
20 1 15
2 2 11 20
3 2 12 2
12 2 8 3
8 1 12
14 3 6 8 11
10 1 14
13 2 19 10
16 1 13
7 1 16
4 2 19 7
17 1 4
19 1 17
9 1 19
18 1 9
1 1 18
6 2 4 1
11 1 6
20 15
1 1 3 3 3 4 3 4 3 4 3 4 1 4 2 3 1 5 2 1
3 1 5
2 0
4 2 4 2
1 1 4
3 1 4
5 2 5 4
3 1 5
3 3 4 2 4
3 1 3
5 1 5
3 1 1
3 4 3 5 4 3
2 0
5 0
2 2 5 5
2 20
1 3
3 2 1 1
2 2 1 3
3 5 2 4 4 1 4
4 1 4
1 0
1 2 2 4
3 2 2 2
3 3 4 1 1
3 2 4 2
4 4 1 1 3 2
2 2 4 4
3 1 1
2 0
1 2 3 3
3 2 2 1
2 0
2 0
2 2 3 1
4 1 2
2 3 4 1 1
2 13
2 2
2 2 2 2
2 0
2 1 2
2 0
2 1 2
2 1 2
2 1 2
2 0
2 0
2 0
2 3 2 2 2
2 0
2 1 2
3 10
1 2 2
1 1 1
2 2 2 2
2 1 1
2 1 1
1 1 1
2 1 2
2 2 2 2
1 1 1
1 3 2 1 1
1 1 1
1 20
1
3 1 1
2 1 3
1 0
2 1 2
2 0
3 2 2 2
2 0
3 3 1 3 2
2 1 2
1 2 3 2
3 1 3
2 0
2 0
3 0
3 0
3 5 2 1 2 2 3
2 1 1
2 1 1
2 2 2 3
1 1 3
1 20
2
2 2 4 4
2 0
4 2 2 2
4 2 2 3
2 1 3
1 2 4 2
1 0
1 4 3 3 1 3
2 1 2
2 3 2 1 4
1 0
1 0
2 2 1 1
3 3 1 1 2
3 1 3
4 0
4 0
3 4 2 3 4 1
2 1 1
4 0
1 2
2
2 0
2 1 2
1 1
2
2 3 1 2 3
1 1
2
2 0
3 15
3 2 1
3 0
3 1 2
1 2 1 1
1 1 2
1 1 2
3 2 1 1
2 2 2 3
1 1 3
2 1 3
1 0
1 0
2 1 1
1 0
2 0
2 0
1 20
1
2 2 3 2
2 0
1 1 1
1 1 2
1 2 2 1
1 0
3 1 1
2 0
1 2 1 2
1 1 2
1 1 2
2 1 2
1 1 1
3 1 1
2 1 2
1 3 2 3 2
2 2 1 1
1 4 3 3 2 2
3 1 1
1 2 3 3
1 4
1
1 0
1 2 1 3
2 0
3 1 2
3 19
1 1 1
1 0
1 0
1 0
1 0
1 0
1 0
1 1 1
1 1 1
1 1 1
1 1 1
1 1 1
1 1 1
1 1 1
1 1 1
1 1 1
1 2 1 1
1 2 1 1
1 2 1 1
1 2 1 1
2 20
6 16
11 1 4
6 3 13 17 16
7 2 18 8
13 1 15
1 1 13
19 2 17 18
14 2 11 7
10 4 16 4 15 6
4 2 18 16
20 1 9
5 3 16 20 5
17 1 19
16 4 15 12 3 13
12 1 1
15 2 18 10
18 1 2
3 1 14
8 2 3 5
9 1 11
2 3 13 10 3
3 3
1 1 1
1 0
1 0
1 0
2 15
2 2
1 1 1
2 2 1 1
1 1 2
1 0
2 1 2
1 2 1 2
1 2 3 1
1 1 1
3 1 2
3 3 1 3 3
3 2 3 2
1 1 1
1 0
1 2 3 1
1 1 1
3 20
2 1 2
2 0
2 4 3 1 2 2
1 3 2 2 1
3 3 2 3 3
3 0
2 1 3
3 0
1 1 2
2 0
2 1 2
2 2 1 2
1 2 1 3
1 1 1
1 2 2 2
2 1 3
2 0
2 2 1 1
1 2 2 2
2 1 3
2 1 2
10 20
1 2 3 4 5 6 7 8 9 10
10 0
9 1 9
3 1 3
1 0
4 1 4
1 1 1
8 0
6 0
6 1 6
7 0
5 1 5
9 0
2 1 2
10 1 10
8 1 8
5 0
7 1 7
4 0
2 0
3 0
4 10
4 5 4 6
3 6 2 5 6 3 3 6
1 4 6 2 6 4
4 2 3 2
2 4 6 2 2 1
5 1 5
2 0
5 1 6
6 1 5
4 0
4 2 4 4
3 5
2 1 1
1 2 2 1
2 1 2
2 1 1
2 0
2 2 2 2
23 5
4 2 3 3 4 4 3 4 2 4 4 3 3 3 1 4 2 2 1 3 1 3 4
1 1 1
1 2 3 2
3 1 4
3 1 1
1 1 3
