25
3 3
1 1 1
1 0
1 0
1 0
1 20
1
3 1 2
2 1 2
1 1 3
2 2 1 3
1 0
2 0
3 4 2 2 2 1
2 0
3 0
1 0
1 0
2 1 2
2 1 1
2 1 2
2 0
3 2 2 3
2 0
3 3 2 3 1
1 2 1 2
2 1 3
3 20
1 1 1
2 1 2
1 2 2 3
1 0
2 2 2 1
1 1 3
3 1 2
1 1 1
2 1 2
1 1 2
2 2 1 2
2 1 2
1 1 1
1 4 3 2 3 1
2 1 3
2 1 3
1 1 2
1 0
2 2 3 3
3 1 3
3 1 2
2 20
3 12
7 2 11 20
9 3 12 7 1
3 1 9
19 1 3
10 1 19
16 1 10
4 1 16
6 1 4
18 1 6
15 1 18
5 1 15
1 1 5
17 2 5 1
14 2 11 17
11 1 14
8 1 11
13 1 8
2 2 12 13
20 2 13 2
12 2 13 20
3 19
1 1 1
1 0
1 0
1 0
1 0
1 0
1 0
1 1 1
1 1 1
1 1 1
1 1 1
1 1 1
1 1 1
1 1 1
1 1 1
1 1 1
1 2 1 1
1 2 1 1
1 2 1 1
1 2 1 1
23 5
1 1 2 3 3 3 4 1 3 1 2 1 1 1 4 4 4 3 4 4 3 2 4
4 1 4
4 1 3
3 1 1
3 1 4
3 2 2 3
3 20
3 2 3
2 4 2 3 2 3
2 2 3 1
1 2 3 1
3 0
1 0
2 2 2 3
1 1 2
3 2 2 1
1 0
1 1 2
1 0
1 1 2
3 1 1
2 1 2
2 1 3
1 1 1
1 3 3 2 2
1 2 1 2
1 0
1 3 2 2 3
1 2
2
2 0
2 1 2
2 13
2 2
2 3 2 2 2
2 0
2 0
2 1 2
2 1 2
2 0
2 0
2 0
2 0
2 1 2
2 2 2 2
2 1 2
2 1 2
3 10
1 1 1
1 1 1
1 1 2
2 1 1
2 2 1 2
2 2 1 2
1 1 2
1 2 1 2
2 1 2
2 2 1 2
2 1 1
1 15
3
3 0
2 0
3 2 2 3
2 1 3
2 3 3 2 1
1 2 2 3
1 2 3 1
3 1 1
2 0
2 0
2 2 2 3
3 2 3 2
1 0
3 2 1 1
1 0
10 20
1 2 3 4 5 6 7 8 9 10
7 0
9 0
10 1 10
10 0
9 1 9
2 1 2
4 1 4
8 1 8
6 0
3 0
6 1 6
5 1 5
3 1 3
5 0
7 1 7
8 0
1 0
2 0
4 0
1 1 1
1 4
1
1 0
1 2 1 3
2 0
3 1 2
3 10
4 4 2
3 0
2 0
2 3 3 6 3
4 1 5
3 3 6 3 6
3 1 3
4 3 5 1 4
6 2 2 4
2 3 1 4 1
3 6 4 6 2 3 4 6
3 5
2 2 2
1 1 1
1 2 1 1
2 1 2
1 1 1
2 1 1
20 15
2 1 2 1 2 5 4 3 4 4 4 5 2 2 4 3 4 5 3 3
5 1 2
1 8 1 4 2 2 4 1 2 2
3 1 2
5 0
5 1 3
1 0
1 0
3 1 2
1 2 3 5
1 1 2
5 0
4 1 1
3 1 4
1 1 2
1 2 1 2
2 20
1 3
2 0
2 1 2
4 3 4 4 1
4 0
4 1 2
4 0
3 2 2 4
2 0
1 2 1 1
3 1 4
2 1 1
2 2 3 3
3 1 4
3 2 3 2
1 0
4 2 3 3
3 0
1 2 1 2
2 4 3 4 4 3
4 1 1
1 1
2
2 3 1 2 3
1 1
2
1 3 1 2 3
2 9
13 13
13 0
13 1 13
13 0
13 2 13 13
13 0
13 1 13
13 1 13
13 1 13
13 1 13
2 20
3 12
12 2 19 6
13 1 17
18 1 5
16 1 14
8 2 7 10
3 2 3 2
17 2 1 4
2 2 1 1
7 1 16
10 1 19
20 1 7
4 2 1 3
15 2 7 18
6 2 3 13
14 5 7 15 16 10 4
19 4 5 9 6 8
11 2 10 15
5 2 8 8
1 2 13 11
9 1 20
1 1
2
1 1 1
3 15
3 3 3
2 0
3 1 1
1 0
3 2 3 1
3 1 3
1 1 2
1 0
3 0
3 2 2 3
3 1 1
3 2 1 3
1 1 1
2 1 1
3 1 3
1 2 2 2
1 1
2
2 0
2 20
2 2
3 3 4 2 4
3 1 2
3 7 4 4 1 4 1 4 3
3 5 1 1 1 1 2
4 1 3
3 2 4 3
3 0
1 0
4 2 3 4
4 1 1
3 2 1 1
3 2 1 3
3 1 1
1 2 1 2
3 4 1 2 2 3
1 1 2
2 0
4 3 2 2 4
3 1 4
1 0
